Accuracy: 0.9001
F1-macro: 0.8729

              precision    recall  f1-score   support

           0     0.8876    0.9294    0.9080       255
           1     0.8037    0.7818    0.7926       110
           2     0.8571    0.9302    0.8922       129
           3     0.7841    0.8903    0.8338       155
           4     0.9728    0.9054    0.9379       592

    accuracy                         0.9001      1241
   macro avg     0.8611    0.8874    0.8729      1241
weighted avg     0.9047    0.9001    0.9011      1241
